Sensor Model:   PT-100-20K
Serial Number:  Pt1405
Data Format:    3      (Ohms/Kelvin)
SetPoint Limit: 325.0      (Kelvin)
Temperature coefficient:  2 (Positive)
Number of Breakpoints:   49

No.   Units      Temperature (K)

1	1.22481	20.1
2	1.30797	20.8
3	1.41074	21.6
4	1.52159	22.4
5	1.64031	23.2
6	1.76671	24
7	1.90061	24.8
8	2.05998	25.7
9	2.22834	26.6
10	2.40545	27.5
11	2.59106	28.4
12	2.80696	29.4
13	3.03273	30.4
14	3.26803	31.4
15	3.53751	32.5
16	3.81775	33.6
17	4.13527	34.8
18	4.46461	36
19	4.83417	37.3
20	5.21642	38.6
21	5.64158	40
22	6.08007	41.4
23	6.53119	42.8
24	7.06136	44.4
25	7.67528	46.2
26	8.30643	48
27	9.02639	50
28	9.83917	52.2
29	10.74835	54.6
30	11.75694	57.2
31	12.86727	60
32	14.08082	63
33	15.52279	66.5
34	17.40945	71
35	19.96543	77
36	29.0229	98
37	33.92665	109.5
38	39.36044	122.5
39	44.67291	135.5
40	50.08469	149
41	55.82438	163.5
42	62.13483	179.5
43	68.8792	196.5
44	76.10745	214.5
45	83.62569	233
46	91.38564	252
47	99.30583	271.5
48	107.3293	291.5
49	115.1333	311