# Temperature (K), Resistance (Ohm)
1.585e-03 4.149e+09
1.685e-03 2.970e+09
1.791e-03 2.139e+09
1.904e-03 1.551e+09
2.024e-03 1.131e+09
2.151e-03 8.296e+08
2.287e-03 6.123e+08
2.431e-03 4.546e+08
2.584e-03 3.395e+08
2.747e-03 2.549e+08
2.920e-03 1.925e+08
3.104e-03 1.462e+08
3.299e-03 1.117e+08
3.507e-03 8.572e+07
3.728e-03 6.616e+07
3.963e-03 5.133e+07
4.212e-03 4.003e+07
4.478e-03 3.138e+07
4.760e-03 2.472e+07
5.060e-03 1.957e+07
5.378e-03 1.556e+07
5.717e-03 1.244e+07
6.077e-03 9.990e+06
6.460e-03 8.059e+06
6.867e-03 6.532e+06
7.300e-03 5.317e+06
7.760e-03 4.347e+06
8.249e-03 3.570e+06
8.768e-03 2.944e+06
9.321e-03 2.438e+06
9.908e-03 2.028e+06
1.053e-02 1.693e+06
1.120e-02 1.419e+06
1.190e-02 1.195e+06
1.265e-02 1.009e+06
1.345e-02 8.559e+05
1.429e-02 7.286e+05
1.520e-02 6.225e+05
1.615e-02 5.338e+05
1.717e-02 4.593e+05
1.825e-02 3.966e+05
1.940e-02 3.437e+05
2.062e-02 2.988e+05
2.192e-02 2.606e+05
2.330e-02 2.280e+05
2.477e-02 2.002e+05
2.633e-02 1.763e+05
2.799e-02 1.557e+05
2.976e-02 1.380e+05
3.163e-02 1.226e+05
3.362e-02 1.093e+05
3.574e-02 9.765e+04
3.799e-02 8.751e+04
4.039e-02 7.865e+04
4.293e-02 7.087e+04
4.563e-02 6.403e+04
4.851e-02 5.799e+04
5.157e-02 5.266e+04
5.481e-02 4.794e+04
5.827e-02 4.375e+04
6.194e-02 4.002e+04
6.584e-02 3.669e+04
6.999e-02 3.372e+04
7.440e-02 3.106e+04
7.908e-02 2.867e+04
8.407e-02 2.652e+04
8.936e-02 2.458e+04
9.499e-02 2.284e+04
1.010e-01 2.125e+04
1.073e-01 1.982e+04
1.141e-01 1.852e+04
1.213e-01 1.734e+04
1.289e-01 1.626e+04
1.371e-01 1.528e+04
1.457e-01 1.438e+04
1.549e-01 1.356e+04
1.646e-01 1.280e+04
1.750e-01 1.211e+04
1.860e-01 1.148e+04
1.977e-01 1.089e+04
2.102e-01 1.035e+04
2.234e-01 9.852e+03
2.375e-01 9.391e+03
2.525e-01 8.965e+03
2.684e-01 8.569e+03
2.853e-01 8.202e+03
3.033e-01 7.861e+03
3.224e-01 7.544e+03
3.427e-01 7.248e+03
3.643e-01 6.973e+03
3.872e-01 6.716e+03
4.116e-01 6.476e+03
4.375e-01 6.251e+03
4.651e-01 6.041e+03
4.944e-01 5.844e+03
5.255e-01 5.660e+03
5.586e-01 5.486e+03
5.938e-01 5.324e+03
6.312e-01 5.170e+03
6.710e-01 5.026e+03
7.133e-01 4.890e+03
7.582e-01 4.762e+03
8.060e-01 4.642e+03
8.568e-01 4.528e+03
9.107e-01 4.420e+03
9.681e-01 4.318e+03
1.029e+00 4.221e+03
1.094e+00 4.130e+03
1.163e+00 4.044e+03
1.236e+00 3.961e+03
1.314e+00 3.884e+03
1.397e+00 3.810e+03
1.485e+00 3.739e+03
1.578e+00 3.672e+03
1.678e+00 3.609e+03
1.783e+00 3.548e+03
1.896e+00 3.490e+03
2.015e+00 3.435e+03
2.142e+00 3.383e+03
2.277e+00 3.332e+03
2.421e+00 3.284e+03
2.573e+00 3.239e+03
2.735e+00 3.195e+03
2.907e+00 3.153e+03
3.091e+00 3.112e+03
3.285e+00 3.074e+03
3.492e+00 3.037e+03
3.712e+00 3.001e+03
3.946e+00 2.967e+03
4.195e+00 2.934e+03
4.459e+00 2.903e+03
4.740e+00 2.872e+03
5.039e+00 2.843e+03
5.356e+00 2.815e+03
5.693e+00 2.787e+03
6.052e+00 2.761e+03
6.433e+00 2.735e+03
6.839e+00 2.711e+03
7.270e+00 2.687e+03
7.728e+00 2.664e+03
8.214e+00 2.642e+03
8.732e+00 2.620e+03
9.282e+00 2.599e+03
9.867e+00 2.578e+03
1.049e+01 2.559e+03
1.115e+01 2.539e+03
1.185e+01 2.521e+03
1.260e+01 2.502e+03
1.339e+01 2.484e+03
1.424e+01 2.467e+03
1.513e+01 2.450e+03
1.609e+01 2.434e+03
1.710e+01 2.417e+03
1.818e+01 2.402e+03
1.932e+01 2.386e+03
2.054e+01 2.371e+03
2.183e+01 2.357e+03
2.321e+01 2.342e+03
2.467e+01 2.328e+03
2.622e+01 2.314e+03
2.788e+01 2.301e+03
2.963e+01 2.288e+03
3.150e+01 2.275e+03
3.348e+01 2.262e+03
3.559e+01 2.250e+03
3.783e+01 2.238e+03
4.022e+01 2.226e+03
4.275e+01 2.215e+03
4.545e+01 2.204e+03
4.831e+01 2.193e+03
5.135e+01 2.182e+03
5.459e+01 2.171e+03
5.803e+01 2.161e+03
6.168e+01 2.151e+03
6.557e+01 2.142e+03
6.970e+01 2.132e+03
7.409e+01 2.123e+03
7.876e+01 2.115e+03
8.372e+01 2.106e+03
8.899e+01 2.098e+03
9.460e+01 2.090e+03
1.006e+02 2.082e+03
1.069e+02 2.075e+03
1.136e+02 2.068e+03
1.208e+02 2.062e+03
1.284e+02 2.055e+03
1.365e+02 2.050e+03
1.451e+02 2.044e+03
1.542e+02 2.039e+03
1.639e+02 2.034e+03
1.743e+02 2.030e+03
1.852e+02 2.026e+03
1.969e+02 2.022e+03
2.093e+02 2.019e+03
2.225e+02 2.017e+03
2.365e+02 2.015e+03
2.514e+02 2.013e+03
2.673e+02 2.012e+03
2.841e+02 2.011e+03
3.020e+02 2.011e+03
